
Blocking Probability:
----------------------
Lambda:
1	2	3	4	5	6	7	8	9	10	
0.00000	0.02456	0.33168	0.49822	0.59820	0.66491	0.71252	0.74821	0.77599	0.79821	
0.00000	0.00000	0.33150	0.49820	0.59820	0.66481	0.71241	0.74821	0.77591	0.79821	

Mu:
1	2	3	4	5	6	7	8	9	10	
0.49824	0.49820	0.49823	0.49823	0.49826	0.49823	0.49828	0.49822	0.49823	0.49823	
0.49820	0.49820	0.49820	0.49820	0.49820	0.49820	0.49820	0.49820	0.49820	0.49820	

Rho:
0.25	0.50	0.75	1.00	1.25	1.50	1.75	2.00	2.25	2.50	
0.00000	0.02356	0.33161	0.49822	0.59820	0.66492	0.71252	0.74821	0.77597	0.79821	
0.00000	0.00000	0.33150	0.49820	0.59820	0.66481	0.71241	0.74821	0.77591	0.79821	



Queue Length:
----------------------
Lambda:
1	2	3	4	5	6	7	8	9	10	
0	4	9	9	9	9	9	9	9	9	
0	0	9	9	9	9	9	9	9	9	

Mu:
1	2	3	4	5	6	7	8	9	10	
9	9	9	9	9	9	9	9	9	9	
9	9	9	9	9	9	9	9	9	9	

Rho:
0.25	0.50	0.75	1.00	1.25	1.50	1.75	2.00	2.25	2.50	
0	4	9	9	9	9	9	9	9	9	
0	0	9	9	9	9	9	9	9	9	



Waiting Time:
----------------------
Lambda:
1	2	3	4	5	6	7	8	9	10	
0.014	0.010	0.012	0.015	0.018	0.021	0.025	0.027	0.030	0.033	
0.015	0.012	0.013	0.017	0.021	0.025	0.029	0.033	0.037	0.041	

Mu:
1	2	3	4	5	6	7	8	9	10	
0.015	0.015	0.015	0.015	0.015	0.015	0.015	0.015	0.015	0.015	
0.017	0.017	0.017	0.017	0.017	0.017	0.017	0.017	0.017	0.017	

Rho:
0.25	0.50	0.75	1.00	1.25	1.50	1.75	2.00	2.25	2.50	
0.013	0.010	0.012	0.015	0.018	0.021	0.024	0.027	0.030	0.033	
0.015	0.011	0.013	0.017	0.022	0.025	0.029	0.033	0.037	0.041	
